format=emel_generation_baseline_v1
contract=generation_online_f16_final_normalize_v1
fixture=LFM2.5-1.2B-Thinking-Q4_K_M.gguf
prompt_hex=68656c6c6f
max_tokens=100
tokens_generated=100
output_length=248
trace_token_count=100
token_ids=537,601,834,36171,601,539,834,36509,601,539,834,36171,601,539,834,36171,601,539,834,36171,601,539,834,36171,601,539,834,36171,601,539,834,36171,601,539,834,36171,601,539,834,36171,601,539,834,36171,601,539,834,36171,601,539,834,36171,601,539,834,36171,601,539,834,36171,601,539,834,36171,601,539,834,36171,601,539,834,36171,601,539,834,36171,601,539,834,36171,601,539,834,36171,601,539,834,36171,601,539,834,36171,601,539,834,36171,601,539,834,36171
top_score_gaps=1.63354683,0.24605751,1.70043945,0.368387222,2.36488152,1.36843204,1.18816185,0.351781845,0.625753403,0.952269554,0.768082619,2.13955879,2.69776535,1.23970318,2.68403435,1.13820744,2.23869896,2.92936611,4.29071426,3.37551308,2.9721241,3.5968895,4.17213821,3.48550129,3.24224091,3.93832588,4.05487919,3.19284058,3.71522141,4.33257675,3.83996201,3.52476025,4.02193642,4.62951469,3.52591896,3.95395088,4.03614426,4.70890999,3.40218353,3.98209953,4.25673676,5.17098618,3.2824955,4.25911903,4.17467308,5.44502449,3.17495728,4.76317406,4.16145325,5.78856754,2.96655083,4.8255949,4.3292141,6.17603111,2.71598053,5.10662651,4.45320892,6.61788273,2.92082787,5.51133347,4.63360023,7.34527493,3.01860237,5.74898243,4.75855064,7.53805542,3.2661705,5.98014736,4.62242317,7.30112839,3.09925079,6.13972569,4.70379066,7.18179703,3.05636215,6.00573921,4.72933769,7.15433216,2.95344353,6.03799915,4.67574883,6.99351788,2.87396622,5.88299274,4.66538811,6.88072109,2.78374863,5.97683144,4.68003654,7.06533813,2.74716759,6.03071404,4.81233406,6.91018963,2.93097115,6.01890755,4.90971947,7.00140572,3.00832558,6.27520561
output_hex=3c7c696d5f73746172747c3e696d5f656e647c3e696d5f73746172747c3e696d5f73746172747c3e696d5f73746172747c3e696d5f73746172747c3e696d5f73746172747c3e696d5f73746172747c3e696d5f73746172747c3e696d5f73746172747c3e696d5f73746172747c3e696d5f73746172747c3e696d5f73746172747c3e696d5f73746172747c3e696d5f73746172747c3e696d5f73746172747c3e696d5f73746172747c3e696d5f73746172747c3e696d5f73746172747c3e696d5f73746172747c3e696d5f73746172747c3e696d5f73746172747c3e696d5f73746172747c3e696d5f73746172747c3e696d5f7374617274
