format=emel_generation_baseline_v1
contract=generation_online_f16_final_normalize_v1
fixture=LFM2.5-1.2B-Thinking-Q4_K_M.gguf
prompt_hex=68656c6c6f
max_tokens=10
tokens_generated=10
output_length=20
trace_token_count=10
token_ids=537,601,834,36171,601,539,834,36509,601,539
top_score_gaps=1.63354683,0.24605751,1.70043945,0.368387222,2.36488152,1.36843204,1.18816185,0.351781845,0.625753403,0.952269554
output_hex=3c7c696d5f73746172747c3e696d5f656e647c3e
