format=emel_generation_baseline_v1
contract=generation_online_f16_final_normalize_v1
fixture=LFM2.5-230M-Q8_0.gguf
prompt_hex=68656c6c6f
max_tokens=100
tokens_generated=100
output_length=104
trace_token_count=100
token_ids=537,601,834,36509,601,539,539,539,539,539,539,539,539,539,539,539,539,539,539,539,539,539,539,539,539,539,539,539,539,539,539,539,539,539,539,539,539,539,539,539,539,539,539,539,539,539,539,539,539,539,539,539,539,539,539,539,539,539,539,539,539,539,539,539,539,539,539,539,539,539,539,539,539,539,539,539,539,539,539,539,539,539,539,539,539,539,539,539,539,539,539,539,539,539,539,539,539,539,539,539
top_score_gaps=0.946845055,2.38924313,2.40393448,1.52797127,0.95406723,2.91764736,0.231761932,0.573626518,2.13187408,2.58219814,2.83178997,3.08796501,3.25762081,3.44719791,3.53776836,3.65007591,3.68768692,3.69500732,3.70870686,3.72164822,3.69810677,3.65564346,3.62658119,3.58757114,3.57325172,3.57177162,3.54428196,3.53056145,3.50698471,3.50236511,3.50413132,3.48232174,3.53220844,3.49432373,3.44767189,3.45087242,3.45390797,3.43590736,3.44148254,3.43181896,3.44324875,3.42237949,3.42175961,3.38376427,3.40707111,3.36118698,3.3997488,3.3700819,3.3530407,3.36476326,3.32312202,3.30059052,3.27338028,3.27661991,3.23702335,3.2762022,3.27127075,3.30274677,3.29268265,3.30406189,3.31710815,3.31190872,3.33273888,3.32605171,3.33093643,3.33778858,3.2967205,3.30822849,3.28818607,3.30184078,3.2865696,3.29447174,3.29008865,3.26609993,3.27588654,3.22916317,3.28534317,3.24642372,3.2284317,3.26792526,3.20462227,3.21556282,3.25091648,3.25260162,3.23085022,3.25240231,3.32357311,3.34616089,3.36520386,3.40008163,3.32425785,3.364748,3.33492661,3.33687401,3.30298996,3.32660389,3.3332777,3.30290413,3.25485802,3.30122185
output_hex=3c7c696d5f656e647c3e3e3e3e3e3e3e3e3e3e3e3e3e3e3e3e3e3e3e3e3e3e3e3e3e3e3e3e3e3e3e3e3e3e3e3e3e3e3e3e3e3e3e3e3e3e3e3e3e3e3e3e3e3e3e3e3e3e3e3e3e3e3e3e3e3e3e3e3e3e3e3e3e3e3e3e3e3e3e3e3e3e3e3e3e3e3e3e3e3e3e3e3e3e3e
