format=emel_generation_baseline_v1
contract=generation_online_f16_final_normalize_v1
fixture=Llama-68M-Chat-v1-Q2_K.gguf
prompt_hex=68656c6c6f
max_tokens=100
tokens_generated=100
output_length=676
trace_token_count=100
token_ids=304,278,3186,368,2578,3745,366,29915,345,2825,297,278,3186,310,278,3186,366,2825,297,278,3186,366,2825,297,278,3186,366,2825,297,278,3186,366,2825,297,278,3186,366,2825,297,278,3186,366,2825,297,278,3186,366,2825,297,278,3186,366,2825,297,278,3186,366,2825,297,278,3186,366,2825,297,278,3186,366,2825,297,278,3186,366,2825,297,278,3186,366,2825,297,278,3186,366,2825,297,278,3186,366,2825,297,278,3186,366,2825,297,278,3186,366,2825,297,278
top_score_gaps=0.258874893,0.889461517,2.44094086,1.73373127,0.426822662,1.3482399,0.387251854,0.781284332,0.712919235,2.03246498,0.767492294,1.66359568,2.02081585,0.154614449,3.02173424,0.618483543,0.519539833,0.557940483,1.00215244,3.55649757,0.722109795,0.739203453,2.91503143,1.69822979,4.55493259,1.21533871,1.71518612,3.34010887,2.68582439,4.56376743,1.46361351,1.80304623,3.3133316,3.08053398,4.69337559,1.55666256,1.85462475,3.22261333,2.99652481,4.76233959,1.57782269,1.66781139,3.12894344,3.23120975,4.69889545,1.54126263,1.86042976,3.38084888,3.51844692,4.88411617,1.80633736,1.37190056,3.55222797,3.29729271,4.9762764,1.81199837,1.07672787,3.10411072,3.50891876,4.92135334,1.79150581,1.18902493,3.57210064,3.33497906,4.93181419,1.73599625,1.06437492,3.48229408,3.21747208,5.12591076,1.81919003,1.20557404,3.57129288,3.41211796,5.08793354,2.11258411,0.924601555,3.62032318,3.04043198,4.98756313,1.88747597,0.886552811,3.74494648,3.0879221,4.78529072,1.96463871,0.886631012,3.62153244,2.90516663,4.97822762,2.02855492,1.01744652,3.50942421,2.94340706,5.00028896,2.09097385,0.828089714,3.61515713,2.8556366,4.88019085
output_hex=e29681746fe29681746865e29681776f726c646c79e296817472656173757265e29681796f75277665e2968163726561746564e29681696ee29681746865e29681776f726c64e296816f66e29681746865e29681776f726c64e29681796f75e2968163726561746564e29681696ee29681746865e29681776f726c64e29681796f75e2968163726561746564e29681696ee29681746865e29681776f726c64e29681796f75e2968163726561746564e29681696ee29681746865e29681776f726c64e29681796f75e2968163726561746564e29681696ee29681746865e29681776f726c64e29681796f75e2968163726561746564e29681696ee29681746865e29681776f726c64e29681796f75e2968163726561746564e29681696ee29681746865e29681776f726c64e29681796f75e2968163726561746564e29681696ee29681746865e29681776f726c64e29681796f75e2968163726561746564e29681696ee29681746865e29681776f726c64e29681796f75e2968163726561746564e29681696ee29681746865e29681776f726c64e29681796f75e2968163726561746564e29681696ee29681746865e29681776f726c64e29681796f75e2968163726561746564e29681696ee29681746865e29681776f726c64e29681796f75e2968163726561746564e29681696ee29681746865e29681776f726c64e29681796f75e2968163726561746564e29681696ee29681746865e29681776f726c64e29681796f75e2968163726561746564e29681696ee29681746865e29681776f726c64e29681796f75e2968163726561746564e29681696ee29681746865e29681776f726c64e29681796f75e2968163726561746564e29681696ee29681746865e29681776f726c64e29681796f75e2968163726561746564e29681696ee29681746865
